%YAML:1.0

cam0:
  T_cam_imu:
    - [0.9999193037071493, -0.00846358332211501, -0.009473849859569117, 0.00839786897613523]
    - [0.008459578790807947, 0.9999641100795005, -0.0004626873643728041, -0.005653294401631702]
    - [0.009477425836911281, 0.0003825052478784401, 0.9999550150327982, -0.01863882374944223]
    - [0.0, 0.0, 0.0, 1.0]
  cam_overlaps: [1]
  camera_model: pinhole
  distortion_coeffs: [0.0037470303968248934, 6.898815818318797e-05, -0.0007341288498450794, 0.001919851979485646]
  distortion_model: radtan
  intrinsics: [432.5980590352566, 432.66274035238723, 428.9367798716155, 242.14752535831968]
  resolution: [848, 480]
  rostopic: /camera/camera/infra1/image_rect_raw
  timeshift_cam_imu: 0.0029389610683874068
cam1:
  T_cam_imu:
    - [0.9999346050773191, -0.007854262873950427, -0.00831240780838258, -0.0438048697199392]
    - [0.007840833323901099, 0.9999679039114139, -0.0016469607768172761, -0.005653656708977721]
    - [0.008325076675489405, 0.0015816768697987957, 0.9999640950537309, -0.019080673992880784]
    - [0.0, 0.0, 0.0, 1.0]
  T_cn_cnm1:
    - [0.9999991397734108, 0.0006088906382871648, 0.0011617678896240075, -0.05217763524703514]
    - [-0.0006075080173517813, 0.9999991073180695, -0.0011900828010577723, -1.7447324784266858e-05]
    - [-0.0011624914828111555, 0.0011893759940096546, 0.9999986169981925, -0.0004253896771586023]
    - [0.0, 0.0, 0.0, 1.0]
  cam_overlaps: [0]
  camera_model: pinhole
  distortion_coeffs: [0.004857353113239715, -0.0006718329936569586, -0.000876478069585842, 0.002475525690176677]
  distortion_model: radtan
  intrinsics: [432.39232694842826, 432.14287402592987, 428.8419792565794, 242.4929347126529]
  resolution: [848, 480]
  rostopic: /camera/camera/infra2/image_rect_raw
  timeshift_cam_imu: 0.002966586968546217